2 0.4326923076923077 0.21514423076923078 0.7596153846153846 0.16105769230769232
2 0.43149038461538464 0.375 0.8341346153846154 0.14903846153846154
2 0.5096153846153846 0.5180288461538461 0.7019230769230769 0.2091346153846154
3 0.9483173076923077 0.5504807692307693 0.06009615384615385 0.20673076923076922
5 0.8713942307692307 0.7175480769230769 0.19951923076923078 0.13701923076923078
5 0.6454326923076923 0.7115384615384616 0.19951923076923078 0.1346153846153846
5 0.43028846153846156 0.7127403846153846 0.18269230769230768 0.13221153846153846
5 0.20552884615384615 0.7007211538461539 0.1466346153846154 0.11778846153846154
3 0.04927884615384615 0.5889423076923077 0.06971153846153846 0.22596153846153846
3 0.025240384615384616 0.7800480769230769 0.04567307692307692 0.1466346153846154
3 0.14543269230769232 0.828125 0.18509615384615385 0.055288461538461536
3 0.9086538461538461 0.8461538461538461 0.18269230769230768 0.0625
3 0.7740384615384616 0.5889423076923077 0.14423076923076922 0.10096153846153846
3 0.5264423076923077 0.84375 0.5625 0.09134615384615384