2 0.8978365384615384 0.3713942307692308 0.20432692307692307 0.5889423076923077
2 0.8581730769230769 0.5576923076923077 0.21153846153846154 0.5865384615384616
2 0.6502403846153846 0.48677884615384615 0.2091346153846154 0.3870192307692308
2 0.6682692307692307 0.22716346153846154 0.1778846153846154 0.4495192307692308
2 0.5216346153846154 0.23197115384615385 0.16826923076923078 0.4543269230769231
2 0.5060096153846154 0.671875 0.23317307692307693 0.65625
5 0.3581730769230769 0.6021634615384616 0.15384615384615385 0.10817307692307693
5 0.31009615384615385 0.5516826923076923 0.16826923076923078 0.11778846153846154
5 0.3858173076923077 0.4543269230769231 0.1658653846153846 0.09134615384615384
5 0.3389423076923077 0.390625 0.16346153846153846 0.09375
3 0.34615384615384615 0.31490384615384615 0.14423076923076922 0.03365384615384615
3 0.34975961538461536 0.28125 0.13701923076923078 0.038461538461538464
3 0.7860576923076923 0.20192307692307693 0.038461538461538464 0.1201923076923077
3 0.6983173076923077 0.19471153846153846 0.040865384615384616 0.12980769230769232
3 0.7427884615384616 0.22596153846153846 0.04807692307692308 0.15865384615384615
3 0.6730769230769231 0.08774038461538461 0.03365384615384615 0.12259615384615384
3 0.7127403846153846 0.07932692307692307 0.026442307692307692 0.10096153846153846
3 0.7463942307692307 0.0829326923076923 0.021634615384615384 0.0985576923076923
3 0.7740384615384616 0.08653846153846154 0.03365384615384615 0.11057692307692307