2 0.4951923076923077 0.15144230769230768 0.7019230769230769 0.23557692307692307
2 0.8641826923076923 0.49278846153846156 0.2283653846153846 0.6201923076923077
2 0.6262019230769231 0.4735576923076923 0.2283653846153846 0.47115384615384615
2 0.3954326923076923 0.484375 0.21875 0.4543269230769231
2 0.1466346153846154 0.4855769230769231 0.24519230769230768 0.6586538461538461
2 0.5168269230769231 0.8810096153846154 0.6826923076923077 0.21875
5 0.14543269230769232 0.8990384615384616 0.10817307692307693 0.12980769230769232
5 0.8545673076923077 0.9038461538461539 0.14182692307692307 0.11538461538461539
5 0.3088942307692308 0.6814903846153846 0.14182692307692307 0.19471153846153846
5 0.7716346153846154 0.6802884615384616 0.125 0.15384615384615385
5 0.23798076923076922 0.38100961538461536 0.125 0.15144230769230768
5 0.26322115384615385 0.28125 0.12740384615384615 0.10576923076923077
5 0.6586538461538461 0.22115384615384615 0.16826923076923078 0.1201923076923077
5 0.6935096153846154 0.41586538461538464 0.0985576923076923 0.12980769230769232
5 0.7740384615384616 0.3076923076923077 0.14423076923076922 0.11057692307692307
5 0.6742788461538461 0.9110576923076923 0.12740384615384615 0.11057692307692307
3 0.5132211538461539 0.35697115384615385 0.036057692307692304 0.18028846153846154
3 0.29447115384615385 0.9122596153846154 0.13221153846153846 0.06971153846153846