1 0.04567307692307692 0.18269230769230768 0.04326923076923077 0.10576923076923077
1 0.09375 0.15504807692307693 0.04326923076923077 0.07932692307692307
1 0.11538461538461539 0.21394230769230768 0.038461538461538464 0.09134615384615384
1 0.051682692307692304 0.2692307692307692 0.055288461538461536 0.08173076923076923
1 0.36658653846153844 0.2127403846153846 0.040865384615384616 0.0985576923076923
1 0.32572115384615385 0.2512019230769231 0.040865384615384616 0.10336538461538461
1 0.16466346153846154 0.32572115384615385 0.040865384615384616 0.09375
1 0.20432692307692307 0.31971153846153844 0.038461538461538464 0.08653846153846154
1 0.25 0.31971153846153844 0.04326923076923077 0.09615384615384616
1 0.2932692307692308 0.3245192307692308 0.04326923076923077 0.10576923076923077
5 0.2764423076923077 0.5192307692307693 0.11057692307692307 0.20673076923076922
2 0.4963942307692308 0.5625 0.1658653846153846 0.7932692307692307
2 0.6514423076923077 0.5204326923076923 0.22596153846153846 0.9591346153846154