2 0.33413461538461536 0.09014423076923077 0.6394230769230769 0.15144230769230768
2 0.6875 0.21875 0.5432692307692307 0.14903846153846154
2 0.3329326923076923 0.3125 0.6033653846153846 0.12980769230769232
2 0.6862980769230769 0.4170673076923077 0.5408653846153846 0.14182692307692307
2 0.3317307692307692 0.5132211538461539 0.6057692307692307 0.12259615384615384
2 0.6742788461538461 0.6165865384615384 0.49759615384615385 0.14182692307692307
2 0.3004807692307692 0.703125 0.5336538461538461 0.1466346153846154
2 0.7704326923076923 0.7560096153846154 0.34375 0.12740384615384615
3 0.8497596153846154 0.2932692307692308 0.18990384615384615 0.052884615384615384
1 0.7836538461538461 0.8497596153846154 0.04807692307692308 0.07451923076923077
1 0.8389423076923077 0.8473557692307693 0.04807692307692308 0.07451923076923077
1 0.8257211538461539 0.8966346153846154 0.055288461538461536 0.0673076923076923
1 0.9026442307692307 0.9158653846153846 0.06009615384615385 0.0673076923076923
1 0.9399038461538461 0.8737980769230769 0.04807692307692308 0.09375
1 0.9110576923076923 0.828125 0.04326923076923077 0.0889423076923077
1 0.9711538461538461 0.8377403846153846 0.04807692307692308 0.0889423076923077
2 0.4206730769230769 0.8858173076923077 0.375 0.0889423076923077
3 0.35697115384615385 0.9459134615384616 0.25721153846153844 0.08413461538461539