3 0.7860576923076923 0.7680288461538461 0.09615384615384616 0.11778846153846154
3 0.79296875 0.8222716346153847 0.11478365384615384 0.1878125
2 0.3545673076923077 0.21754807692307693 0.6899038461538461 0.36778846153846156
2 0.33052884615384615 0.32572115384615385 0.5552884615384616 0.4110576923076923
5 0.4026442307692308 0.31850961538461536 0.18028846153846154 0.18990384615384615
1 0.5036057692307693 0.22716346153846154 0.06009615384615385 0.11298076923076923
5 0.4375 0.453125 0.1778846153846154 0.18028846153846154
5 0.5372596153846154 0.31850961538461536 0.11298076923076923 0.10336538461538461
5 0.4879807692307692 0.5288461538461539 0.16826923076923078 0.21634615384615385
5 0.5913461538461539 0.40865384615384615 0.1346153846153846 0.14903846153846154
5 0.6826923076923077 0.4891826923076923 0.14903846153846154 0.1658653846153846
5 0.6983173076923077 0.6358173076923077 0.36778846153846156 0.28125
5 0.8028846153846154 0.6478365384615384 0.21634615384615385 0.25240384615384615
5 0.9326923076923077 0.6201923076923077 0.1346153846153846 0.11057692307692307
5 0.9314903846153846 0.7680288461538461 0.13701923076923078 0.27163461538461536