2 0.5060096153846154 0.8689903846153846 0.6418269230769231 0.18028846153846154
2 0.1935096153846154 0.40384615384615385 0.25721153846153844 0.7692307692307693
2 0.3389423076923077 0.4543269230769231 0.23557692307692307 0.6201923076923077
2 0.5925480769230769 0.46033653846153844 0.24278846153846154 0.65625
2 0.8293269230769231 0.4795673076923077 0.2548076923076923 0.5793269230769231
2 0.5673076923076923 0.1346153846153846 0.5865384615384616 0.1778846153846154
3 0.18269230769230768 0.26802884615384615 0.10576923076923077 0.23798076923076922
3 0.32211538461538464 0.21995192307692307 0.0625 0.1658653846153846
3 0.6610576923076923 0.4387019230769231 0.04326923076923077 0.14182692307692307
3 0.8605769230769231 0.29447115384615385 0.09615384615384616 0.2091346153846154
5 0.6778846153846154 0.29927884615384615 0.14423076923076922 0.13701923076923078
5 0.4807692307692308 0.6887019230769231 0.12980769230769232 0.11778846153846154
3 0.3363581730769231 0.40413461538461537 0.05252403846153846 0.18807692307692306