3 0.7704326923076923 0.7992788461538461 0.44471153846153844 0.14182692307692307
3 0.4110576923076923 0.6899038461538461 0.08173076923076923 0.6153846153846154
3 0.2283653846153846 0.703125 0.14903846153846154 0.5889423076923077
3 0.5973557692307693 0.203125 0.036057692307692304 0.37259615384615385
3 0.6358173076923077 0.19230769230769232 0.03125 0.36538461538461536
3 0.6730769230769231 0.203125 0.028846153846153848 0.3629807692307692
3 0.8713942307692307 0.24759615384615385 0.10336538461538461 0.0673076923076923
3 0.8774038461538461 0.3329326923076923 0.10576923076923077 0.06490384615384616
1 0.23557692307692307 0.2764423076923077 0.0673076923076923 0.21153846153846154
1 0.10216346153846154 0.20552884615384615 0.12259615384615384 0.3629807692307692
3 0.515625 0.6923076923076923 0.05048076923076923 0.6057692307692307
3 0.05444711538461538 0.6932091346153846 0.07043269230769231 0.6123798076923077
3 0.12896634615384614 0.6932091346153846 0.04639423076923077 0.6123798076923077