1 0.714548802946593 0.23278688524590163 0.0865561694290976 0.18688524590163935
1 0.7311233885819521 0.30573770491803276 0.11049723756906077 0.17868852459016393
1 0.8531307550644567 0.3295081967213115 0.10405156537753223 0.3180327868852459
1 0.5994475138121547 0.3319672131147541 0.09392265193370165 0.23114754098360657
1 0.5736648250460405 0.4237704918032787 0.1252302025782689 0.2967213114754098
1 0.9332412523020258 0.4418032786885246 0.13167587476979742 0.3655737704918033
1 0.7348066298342542 0.49098360655737705 0.1270718232044199 0.33934426229508197
1 0.42357274401473294 0.5867377049180328 0.20441988950276244 0.6324918032786885
1 0.6192449355432781 0.7204918032786886 0.1832412523020258 0.5459016393442623
1 0.8862799263351749 0.7221311475409836 0.20718232044198895 0.5524590163934426
1 0.18462246777163904 0.7672131147540984 0.19797421731123388 0.35081967213114756