1 0.6755893909626719 0.2738927738927739 0.0073673870333988214 0.06526806526806526
1 0.744351669941061 0.36596736596736595 0.0073673870333988214 0.06526806526806526
1 0.6758349705304518 0.36596736596736595 0.007858546168958742 0.0675990675990676
1 0.7097249508840865 0.3677156177156177 0.007858546168958742 0.06643356643356643
1 0.4914047151277014 0.412004662004662 0.061394891944990176 0.10839160839160839
1 0.744351669941061 0.4603729603729604 0.016208251473477406 0.0675990675990676
1 0.6409626719056974 0.5559440559440559 0.02848722986247544 0.04895104895104895
1 0.674852652259332 0.5559440559440559 0.029469548133595286 0.04895104895104895
1 0.7612966601178782 0.6509324009324009 0.0618860510805501 0.029137529137529136
1 0.8303045186640472 0.6515151515151515 0.061394891944990176 0.02564102564102564
1 0.6930255402750491 0.6515151515151515 0.06286836935166994 0.02564102564102564
1 0.7664538310412574 0.7791375291375291 0.03487229862475442 0.05710955710955711
1 0.8349705304518664 0.7808857808857809 0.05206286836935167 0.018648018648018648
1 0.6421905697445972 0.7837995337995338 0.018172888015717092 0.0641025641025641
1 0.6758349705304518 0.7832167832167832 0.025540275049115914 0.06060606060606061
1 0.8342337917485265 0.8595571095571095 0.050589390962671905 0.026806526806526808