1 0.819672131147541 0.3120567375886525 0.06557377049180328 0.0851063829787234
1 0.7377049180327869 0.324468085106383 0.060109289617486336 0.10283687943262411
1 0.6461748633879781 0.32978723404255317 0.06284153005464481 0.09219858156028368
1 0.9713114754098361 0.35815602836879434 0.05191256830601093 0.15602836879432624
1 0.5669398907103825 0.3599290780141844 0.09016393442622951 0.16666666666666666
1 0.8989071038251366 0.3617021276595745 0.07650273224043716 0.1773049645390071
1 0.3510928961748634 0.36524822695035464 0.06830601092896176 0.1773049645390071
1 0.48770491803278687 0.36347517730496454 0.06284153005464481 0.16666666666666666
1 0.17994535519125682 0.3625 0.0648087431693989 0.17890070921985818
1 0.42349726775956287 0.36524822695035464 0.0546448087431694 0.1773049645390071
1 0.10792349726775956 0.36524822695035464 0.07377049180327869 0.1773049645390071
1 0.2678825136612022 0.36404255319148937 0.07128415300546448 0.1748936170212766
1 0.03415300546448088 0.37943262411347517 0.06830601092896176 0.1702127659574468
1 0.6338797814207651 0.4166666666666667 0.04371584699453552 0.0673758865248227
1 0.6762295081967213 0.4166666666666667 0.030054644808743168 0.07446808510638298
1 0.7486338797814208 0.42021276595744683 0.03278688524590164 0.0673758865248227
1 0.7117486338797814 0.42730496453900707 0.030054644808743168 0.0673758865248227
1 0.12418032786885247 0.48914893617021277 0.024316939890710383 0.056312056737588656
1 0.00546448087431694 0.49113475177304966 0.01092896174863388 0.06028368794326241
1 0.0964207650273224 0.49125886524822693 0.023442622950819673 0.05343971631205674
1 0.06562841530054644 0.49297872340425536 0.027431693989071037 0.05687943262411347
1 0.033510928961748634 0.49317375886524817 0.028770491803278685 0.04308510638297872
1 0.7786885245901639 0.50177304964539 0.0273224043715847 0.08156028368794327
1 0.22540983606557377 0.5336879432624113 0.07923497267759563 0.08865248226950355
1 0.9494535519125683 0.5425531914893617 0.09562841530054644 0.1702127659574468
1 0.383879781420765 0.5460992907801419 0.06284153005464481 0.18439716312056736
1 0.46994535519125685 0.5478723404255319 0.09289617486338798 0.18085106382978725
1 0.6420765027322405 0.5478723404255319 0.08196721311475409 0.18085106382978725
1 0.7226775956284153 0.5478723404255319 0.06830601092896176 0.1879432624113475
1 0.8290710382513661 0.5831914893617022 0.013333333333333332 0.04581560283687943
1 0.8674863387978142 0.5904255319148937 0.04644808743169399 0.09574468085106383
1 0.009562841530054645 0.5939716312056738 0.01912568306010929 0.08865248226950355
1 0.8014754098360655 0.5950177304964539 0.012786885245901639 0.05528368794326241
1 0.5683060109289617 0.6028368794326241 0.04371584699453552 0.0851063829787234
1 0.11081967213114755 0.6012765957446808 0.04131147540983606 0.06780141843971632
1 0.07448087431693988 0.604822695035461 0.03420765027322404 0.06780141843971632
1 0.04036885245901639 0.6042553191489362 0.02609289617486339 0.06666666666666667
1 0.6516393442622951 0.7322695035460993 0.24863387978142076 0.17375886524822695
1 0.1325136612021858 0.7322695035460993 0.09016393442622951 0.1595744680851064
1 0.036885245901639344 0.7340425531914894 0.07377049180327869 0.19148936170212766
1 0.3592896174863388 0.7340425531914894 0.31420765027322406 0.1773049645390071
1 0.8920765027322405 0.7358156028368794 0.2103825136612022 0.18085106382978725
1 0.2773224043715847 0.0425531914893617 0.09562841530054644 0.0851063829787234
1 0.98224043715847 0.044326241134751775 0.030054644808743168 0.08865248226950355
1 0.15846994535519127 0.044326241134751775 0.09289617486338798 0.08865248226950355
1 0.3907103825136612 0.04609929078014184 0.11475409836065574 0.09219858156028368
1 0.5969945355191257 0.047872340425531915 0.24863387978142076 0.09574468085106383
1 0.8483606557377049 0.04609929078014184 0.23224043715846995 0.09219858156028368
1 0.855191256830601 0.8847517730496454 0.07103825136612021 0.1099290780141844
1 0.148948087431694 0.8895921985815604 0.13942622950819672 0.09833333333333333
1 0.381448087431694 0.9092730496453901 0.10169398907103824 0.12351063829787233
1 0.7172131147540983 0.9078014184397163 0.13934426229508196 0.1773049645390071
1 0.9576502732240437 0.9131205673758865 0.07923497267759563 0.16666666666666666
1 0.273224043715847 0.9131205673758865 0.07650273224043716 0.16666666666666666
1 0.4822404371584699 0.9131205673758865 0.09016393442622951 0.16666666666666666
1 0.5997267759562842 0.9131205673758865 0.10109289617486339 0.16666666666666666
1 0.06284153005464481 0.0549645390070922 0.10382513661202186 0.0673758865248227
1 0.98224043715847 0.11879432624113476 0.030054644808743168 0.04609929078014184
1 0.04013661202185792 0.12684397163120567 0.047486338797814207 0.06219858156028368
1 0.8524590163934426 0.1453900709219858 0.06557377049180328 0.10638297872340426
1 0.7194262295081967 0.14572695035460992 0.06726775956284153 0.10705673758865249
1 0.7841530054644809 0.16134751773049646 0.060109289617486336 0.08865248226950355
1 0.3046448087431694 0.18439716312056736 0.2650273224043716 0.1702127659574468
1 0.5628415300546448 0.1879432624113475 0.2459016393442623 0.1773049645390071
1 0.924863387978142 0.19858156028368795 0.07377049180327869 0.14184397163120568
1 0.7839890710382513 0.23906028368794324 0.1963934426229508 0.05968085106382978