1 0.32408350305498984 0.2536231884057971 0.007637474541751527 0.06763285024154589
1 0.25280040733197556 0.34903381642512077 0.007637474541751527 0.06763285024154589
1 0.32331975560081466 0.34903381642512077 0.008146639511201629 0.07004830917874397
1 0.28818737270875766 0.3508454106280193 0.008146639511201629 0.06884057971014493
1 0.515020366598778 0.3967391304347826 0.06364562118126273 0.11231884057971014
1 0.25280040733197556 0.4468599033816425 0.01680244399185336 0.07004830917874397
1 0.3594704684317719 0.5458937198067633 0.029531568228105907 0.050724637681159424
1 0.3243380855397149 0.5458937198067633 0.03054989816700611 0.050724637681159424
1 0.23472505091649695 0.6443236714975845 0.06415478615071284 0.030193236714975844
1 0.16369653767820774 0.644927536231884 0.06364562118126273 0.026570048309178744
1 0.3054989816700611 0.644927536231884 0.06517311608961303 0.026570048309178744
1 0.22988798370672098 0.7771739130434783 0.03615071283095723 0.059178743961352656
1 0.15835030549898166 0.7789855072463768 0.0539714867617108 0.01932367149758454
1 0.35870672097759676 0.7820048309178744 0.01883910386965377 0.06642512077294686
1 0.32331975560081466 0.7814009661835749 0.026476578411405296 0.06280193236714976
1 0.15962321792260692 0.8605072463768116 0.05244399185336049 0.027777777777777776