1 0.3211091234347048 0.29777070063694266 0.08407871198568873 0.18152866242038215
1 0.3041144901610018 0.36863057324840764 0.1073345259391771 0.1735668789808917
1 0.18559928443649373 0.39171974522292996 0.10107334525939177 0.3089171974522293
1 0.43202146690518783 0.39410828025477707 0.09123434704830054 0.22452229299363058
1 0.45706618962432916 0.48328025477707004 0.12164579606440072 0.28821656050955413
1 0.10420393559928444 0.5 0.13506261180679785 0.3535031847133758
1 0.3005366726296959 0.5485668789808917 0.12343470483005367 0.32961783439490444
1 0.6028622540250447 0.6415764331210191 0.19856887298747763 0.6143630573248408
1 0.41323792486583183 0.7515923566878981 0.17889087656529518 0.49363057324840764
1 0.1533989266547406 0.7515923566878981 0.20125223613595708 0.49363057324840764
1 0.8358676207513417 0.8168789808917197 0.19230769230769232 0.34076433121019106