1 0.06672297297297297 0.2860824742268041 0.13344594594594594 0.3865979381443299
1 0.25591216216216217 0.22036082474226804 0.13682432432432431 0.38917525773195877
1 0.4189189189189189 0.19072164948453607 0.13851351351351351 0.3247422680412371
1 0.6410472972972973 0.16494845360824742 0.13344594594594594 0.32989690721649484
1 0.7880067567567568 0.17010309278350516 0.15371621621621623 0.33505154639175255
1 0.9527027027027027 0.18943298969072164 0.09121621621621621 0.3788659793814433
1 0.9518581081081081 0.788659793814433 0.0929054054054054 0.31443298969072164
1 0.8293918918918919 0.7989690721649485 0.125 0.30412371134020616
1 0.6993243243243243 0.7860824742268041 0.12837837837837837 0.36082474226804123
1 0.5540540540540541 0.7912371134020618 0.12837837837837837 0.3402061855670103
1 0.36993243243243246 0.8118556701030928 0.12837837837837837 0.31443298969072164
1 0.20354729729729729 0.8324742268041238 0.14020270270270271 0.32989690721649484
1 0.06841216216216216 0.8286082474226805 0.13682432432432431 0.33762886597938147