1 0.873015873015873 0.03424657534246575 0.031746031746031744 0.0684931506849315
1 0.17195767195767195 0.3664383561643836 0.06349206349206349 0.0821917808219178
1 0.25132275132275134 0.3784246575342466 0.0582010582010582 0.09931506849315068
1 0.33994708994708994 0.3835616438356164 0.06084656084656084 0.08904109589041095
1 0.9894179894179894 0.3921232876712329 0.015873015873015872 0.1267123287671233
1 0.02513227513227513 0.410958904109589 0.04497354497354497 0.1506849315068493
1 0.4166666666666667 0.4126712328767123 0.0873015873015873 0.16095890410958905
1 0.09259259259259259 0.4143835616438356 0.07407407407407407 0.17123287671232876
1 0.623015873015873 0.4178082191780822 0.06613756613756613 0.17123287671232876
1 0.49074074074074076 0.4160958904109589 0.06084656084656084 0.16095890410958905
1 0.7906349206349207 0.4151541095890411 0.06275132275132275 0.17277397260273974
1 0.5529100529100529 0.4178082191780822 0.05291005291005291 0.17123287671232876
1 0.8611111111111112 0.4178082191780822 0.07142857142857142 0.17123287671232876
1 0.7038227513227514 0.41664383561643836 0.06902116402116402 0.1689041095890411
1 0.9087301587301587 0.0410958904109589 0.03968253968253968 0.0821917808219178
1 0.9365079365079365 0.4332191780821918 0.07407407407407407 0.16095890410958905
1 0.35185185185185186 0.4674657534246575 0.042328042328042326 0.06506849315068493
1 0.3082010582010582 0.4674657534246575 0.0291005291005291 0.07191780821917808
1 0.23809523809523808 0.4708904109589041 0.031746031746031744 0.06506849315068493
1 0.27645502645502645 0.4777397260273973 0.0291005291005291 0.06506849315068493
1 0.9920634920634921 0.046232876712328765 0.010582010582010581 0.09246575342465753
1 0.8424603174603175 0.5374657534246575 0.023544973544973546 0.05438356164383562
1 0.9663095238095237 0.5403424657534247 0.027857142857142855 0.05328767123287671
1 0.8684920634920635 0.5395034246575342 0.022698412698412697 0.05160958904109589
1 0.9894179894179894 0.541095890410959 0.015873015873015872 0.06164383561643835
1 0.8995238095238095 0.5411643835616439 0.02656084656084656 0.05493150684931507
1 0.9292724867724867 0.5413527397260274 0.027857142857142855 0.04160958904109589
1 0.20899470899470898 0.5496575342465754 0.026455026455026454 0.07876712328767123
1 0.7447089947089947 0.5804794520547946 0.07671957671957672 0.08561643835616438
1 0.046296296296296294 0.589041095890411 0.0873015873015873 0.1643835616438356
1 0.593915343915344 0.5924657534246576 0.06084656084656084 0.1780821917808219
1 0.5105820105820106 0.5941780821917808 0.08994708994708994 0.17465753424657535
1 0.3439153439153439 0.5941780821917808 0.07936507936507936 0.17465753424657535
1 0.26322751322751325 0.5941780821917808 0.06613756613756613 0.1815068493150685
1 0.958994708994709 0.05136986301369863 0.06084656084656084 0.06164383561643835
1 0.16253968253968254 0.6282876712328768 0.01291005291005291 0.04424657534246575
1 0.12301587301587301 0.6352739726027398 0.04497354497354497 0.09246575342465753
1 0.9661772486772486 0.6380821917808219 0.038174603174603174 0.08438356164383562
1 0.9907407407407407 0.6404109589041096 0.013227513227513227 0.08904109589041095
1 0.1860846560846561 0.639708904109589 0.01238095238095238 0.05339041095890411
1 0.41534391534391535 0.6472602739726028 0.042328042328042326 0.0821917808219178
1 0.855978835978836 0.6457534246575343 0.04 0.06547945205479452
1 0.8895767195767196 0.6491780821917809 0.03312169312169312 0.06547945205479452
1 0.9253306878306877 0.6486301369863013 0.025264550264550267 0.06438356164383562
1 0.33201058201058203 0.7722602739726028 0.24074074074074073 0.1678082191780822
1 0.8346560846560847 0.7722602739726028 0.0873015873015873 0.1541095890410959
1 0.9444444444444444 0.7756849315068494 0.10582010582010581 0.18835616438356165
1 0.6150793650793651 0.773972602739726 0.30423280423280424 0.17123287671232876
1 0.10185185185185185 0.7756849315068494 0.1984126984126984 0.17465753424657535
1 0.6944444444444444 0.07363013698630137 0.09259259259259259 0.14726027397260275
1 0.01455026455026455 0.07534246575342465 0.023809523809523808 0.1506849315068493
1 0.8095238095238095 0.07534246575342465 0.08994708994708994 0.1506849315068493
1 0.5846560846560847 0.07705479452054795 0.1111111111111111 0.1541095890410959
1 0.38492063492063494 0.07876712328767123 0.24074074074074073 0.15753424657534246
1 0.14153439153439154 0.07705479452054795 0.22486772486772486 0.1541095890410959
1 0.13756613756613756 0.9195205479452054 0.06878306878306878 0.10616438356164383
1 0.8161772486772486 0.9241952054794521 0.135 0.09496575342465753
1 0.5925925925925926 0.9383561643835616 0.10052910052910052 0.11643835616438356
1 0.26851851851851855 0.9263698630136986 0.1349206349206349 0.1404109589041096
1 0.03835978835978836 0.9315068493150684 0.07142857142857142 0.13013698630136986
1 0.6984126984126984 0.9315068493150684 0.07407407407407407 0.13013698630136986
1 0.49603174603174605 0.9315068493150684 0.0873015873015873 0.13013698630136986
1 0.38227513227513227 0.9315068493150684 0.09788359788359788 0.13013698630136986
1 0.9047619047619048 0.11815068493150685 0.10052910052910052 0.06506849315068493
1 0.9748677248677249 0.11986301369863013 0.04497354497354497 0.07534246575342465
1 0.01455026455026455 0.1797945205479452 0.023809523809523808 0.04452054794520548
1 0.9251058201058201 0.1875684931506849 0.04597883597883597 0.06006849315068493
1 0.1402116402116402 0.2054794520547945 0.06349206349206349 0.10273972602739725
1 0.26537037037037037 0.20580479452054795 0.06513227513227514 0.10339041095890411
1 0.2037037037037037 0.2208904109589041 0.0582010582010582 0.08561643835616438
1 0.9616402116402116 0.017123287671232876 0.06084656084656084 0.03424657534246575
1 0.9788359788359788 0.24143835616438356 0.037037037037037035 0.17465753424657535
1 0.667989417989418 0.24315068493150685 0.2566137566137566 0.1643835616438356
1 0.41798941798941797 0.2465753424657534 0.23809523809523808 0.17123287671232876
1 0.0701058201058201 0.2568493150684932 0.07142857142857142 0.136986301369863
1 0.20354497354497353 0.2959417808219178 0.19015873015873014 0.057636986301369854