1 0.9631578947368421 0.5058823529411764 0.07017543859649122 0.3176470588235294
1 0.5710526315789474 0.5068676470588236 0.08596491228070176 0.3078529411764706
1 0.7096491228070175 0.5117647058823529 0.08947368421052632 0.3235294117647059
1 0.8447368421052631 0.5117647058823529 0.08596491228070176 0.3235294117647059
1 0.4368421052631579 0.5117647058823529 0.0912280701754386 0.3352941176470588
1 0.16842105263157894 0.5485294117647059 0.3333333333333333 0.8970588235294118
1 0.8157894736842105 0.7955882352941176 0.12280701754385964 0.1323529411764706
1 0.9666666666666667 0.85 0.06315789473684211 0.3
1 0.5184210526315789 0.9352941176470588 0.23684210526315788 0.12352941176470589
1 0.437719298245614 0.15588235294117647 0.09298245614035087 0.3
1 0.9482456140350877 0.17941176470588235 0.1 0.2823529411764706
1 0.8280701754385965 0.17941176470588235 0.10526315789473684 0.27647058823529413
1 0.7096491228070175 0.18088235294117647 0.09649122807017543 0.27941176470588236
1 0.5728070175438597 0.19411764705882353 0.1 0.2529411764705882