1 0.07096774193548387 0.25738916256157635 0.13225806451612904 0.3669950738916256
1 0.2540322580645161 0.1958128078817734 0.13064516129032258 0.37192118226600984
1 0.4096774193548387 0.16748768472906403 0.13225806451612904 0.3103448275862069
1 0.6217741935483871 0.15024630541871922 0.12741935483870967 0.30049261083743845
1 0.7629032258064516 0.1539408866995074 0.14838709677419354 0.3078817733990148
1 0.9370967741935484 0.17364532019704434 0.12258064516129032 0.3472906403940887
1 0.9362903225806452 0.7389162561576355 0.12419354838709677 0.30049261083743845
1 0.8016129032258065 0.7487684729064039 0.11935483870967742 0.29064039408866993
1 0.6774193548387096 0.7364532019704434 0.12258064516129032 0.3448275862068966
1 0.5387096774193548 0.7413793103448276 0.12258064516129032 0.3251231527093596
1 0.3629032258064516 0.7610837438423645 0.12258064516129032 0.30049261083743845
1 0.2032258064516129 0.7943349753694581 0.13225806451612904 0.34236453201970446
1 0.07016129032258064 0.7844827586206896 0.13709677419354838 0.3374384236453202