1 0.058823529411764705 0.2512437810945274 0.11764705882352941 0.373134328358209
1 0.2369281045751634 0.18781094527363185 0.13398692810457516 0.3756218905472637
1 0.3937908496732026 0.15920398009950248 0.13398692810457516 0.31343283582089554
1 0.6086601307189542 0.14676616915422885 0.12908496732026145 0.2935323383084577
1 0.7516339869281046 0.15049751243781095 0.1503267973856209 0.3009950248756219
1 0.9321895424836601 0.17039800995024876 0.1323529411764706 0.3407960199004975
1 0.9313725490196079 0.736318407960199 0.13398692810457516 0.3034825870646766
1 0.7908496732026143 0.746268656716418 0.12091503267973856 0.2935323383084577
1 0.6650326797385621 0.7338308457711443 0.12418300653594772 0.3482587064676617
1 0.5245098039215687 0.7388059701492538 0.12418300653594772 0.3283582089552239
1 0.3464052287581699 0.7587064676616916 0.12418300653594772 0.3034825870646766
1 0.184640522875817 0.7922885572139303 0.13398692810457516 0.34577114427860695
1 0.06045751633986928 0.7835820895522388 0.12091503267973856 0.34328358208955223