2 0.47596153846153844 0.29447115384615385 0.6298076923076923 0.43028846153846156
2 0.7560096153846154 0.5697115384615384 0.46875 0.47596153846153844
2 0.2692307692307692 0.5420673076923077 0.2932692307692308 0.5120192307692307
2 0.546875 0.5216346153846154 0.31971153846153844 0.25
2 0.1622596153846154 0.6262019230769231 0.2668269230769231 0.31971153846153844
3 0.4423076923076923 0.8894230769230769 0.2644230769230769 0.1346153846153846
5 0.7223557692307693 0.8677884615384616 0.15144230769230768 0.1346153846153846
1 0.13341346153846154 0.8834134615384616 0.07451923076923077 0.16105769230769232
1 0.19110576923076922 0.8557692307692307 0.06971153846153846 0.16346153846153846
1 0.8569711538461539 0.7560096153846154 0.21875 0.2283653846153846
1 0.8774038461538461 0.78125 0.0673076923076923 0.36538461538461536