2 0.5600961538461539 0.22355769230769232 0.4519230769230769 0.25
5 0.8149038461538461 0.4014423076923077 0.2644230769230769 0.14903846153846154
5 0.7872596153846154 0.5661057692307693 0.24278846153846154 0.13701923076923078
5 0.734375 0.6634615384615384 0.2668269230769231 0.125
5 0.4423076923076923 0.5600961538461539 0.22596153846153846 0.14423076923076922
5 0.5336538461538461 0.43509615384615385 0.21634615384615385 0.14423076923076922
3 0.1310096153846154 0.28846153846153844 0.08413461538461539 0.3076923076923077
1 0.2764423076923077 0.2776442307692308 0.07211538461538461 0.33413461538461536
1 0.5456730769230769 0.7668269230769231 0.10096153846153846 0.13942307692307693
1 0.46033653846153844 0.7764423076923077 0.07451923076923077 0.13942307692307693
1 0.3473557692307692 0.7800480769230769 0.07932692307692307 0.13221153846153846
1 0.13581730769230768 0.6802884615384616 0.1466346153846154 0.08653846153846154
1 0.22596153846153846 0.7728365384615384 0.125 0.11298076923076923