2 0.09495192307692307 0.5288461538461539 0.18990384615384615 0.8557692307692307
2 0.21153846153846154 0.45552884615384615 0.15384615384615385 0.8341346153846154
2 0.6478365384615384 0.06370192307692307 0.7043269230769231 0.10817307692307693
2 0.30408653846153844 0.5456730769230769 0.17067307692307693 0.8173076923076923
2 0.4855769230769231 0.5420673076923077 0.21153846153846154 0.8389423076923077
2 0.7764423076923077 0.19110576923076922 0.44711538461538464 0.14182692307692307
2 0.7752403846153846 0.34134615384615385 0.4495192307692308 0.16346153846153846
2 0.7752403846153846 0.4831730769230769 0.4495192307692308 0.1778846153846154
5 0.6141826923076923 0.6358173076923077 0.18990384615384615 0.11778846153846154
5 0.8449519230769231 0.6418269230769231 0.21394230769230768 0.11538461538461539
5 0.8173076923076923 0.7608173076923077 0.2980769230769231 0.13701923076923078
5 0.7355769230769231 0.7884615384615384 0.125 0.08173076923076923
5 0.6021634615384616 0.7872596153846154 0.1466346153846154 0.0985576923076923
5 0.6778846153846154 0.9158653846153846 0.22596153846153846 0.14423076923076922
5 0.8774038461538461 0.9086538461538461 0.22115384615384615 0.14423076923076922